proj:       99
zone:       0
north:      678422.87054556
south:      -1233647.10180375
east:       15697891.32756395
west:       10571501.78519245
cols:       5523
rows:       2060
e-w resol:  928.18930697
n-s resol:  928.18930697
format:     -1
compressed: 5
