proj:       99
zone:       0
north:      -707835.4696
south:      -713935.4696
east:       11868696.3188
west:       11862296.3188
cols:       213
rows:       203
e-w resol:  30.04694836
n-s resol:  30.04926108
format:     1
compressed: 5
