proj:       99
zone:       0
north:      -707857.1952
south:      -713935.4696
east:       11868678.5068
west:       11862296.3188
cols:       210
rows:       200
e-w resol:  30.39137143
n-s resol:  30.391372
format:     1
compressed: 5
