proj:       99
zone:       0
north:      -707857.1952
south:      -713935.4696
east:       11868678.5068
west:       11862296.3188
cols:       213
rows:       203
e-w resol:  29.96332394
n-s resol:  29.94223842
format:     1
compressed: 5
