proj:       99
zone:       0
north:      -707857.2
south:      -713935.5
east:       11868679
west:       11862296
cols:       210
rows:       200
e-w resol:  30.3952381
n-s resol:  30.3915
top:        1.000000000000000
bottom:     0.000000000000000
cols3:      210
rows3:      200
depths:     1
e-w resol3: 30.3952381
n-s resol3: 30.3915
t-b resol:  1
