proj:       99
zone:       0
north:      -655423.3
south:      -743856.3
east:       11868677
west:       11772921
cols:       3439
rows:       3176
e-w resol:  27.84414074
n-s resol:  27.84414358
top:        1.000000000000000
bottom:     0.000000000000000
cols3:      3439
rows3:      3176
depths:     1
e-w resol3: 27.84414074
n-s resol3: 27.84414358
t-b resol:  1
